7
9
11
13
14
17
18
20
23
23
26
27
27
29
31
33
35
37
39
39
42
42
44
46
47
47
51
51
53
55
55
57
58
60
61
63
64
65
67
68
69
70
71
73
74
76
76
78
79
81
81
83
82
84
85
87
87
89
89
90
91
92
92
93
94
95
96
97
98
99
99
101
100
101
102
103
104
105
106
105
106
107
107
108
109
110
110
110
111
111
113
113
113
114
115
114
115
115
117
117
116
118
118
118
118
119
119
119
119
120
121
121
121
121
122
121
122
123
123
122
123
123
123
125
124
124
125
125
125
125
126
126
126
126
126
127
126
127
127
128
128
128
129
128
128
128
128
129
129
129
129
129
130
129
129
130
130
129
130
130
130
130
130
130
130
130
130
130
130
131
131
131
132
131
131
132
131
131
131
132
131
132
131
131
132
132
132
132
131
132
131
133
131
129
128
128
126
124
124
123
122
121
120
118
118
116
116
115
113
113
112
112
111
110
109
109
108
108
107
106
105
105
104
103
103
102
102
101
100
100
100
99
98
97
97
97
96
96
95
95
95
94
93
93
93
92
93
91
91
91
90
90
89
89
88
89
88
88
87
87
88
86
87
86
86
85
86
84
84
83
84
84
84
83
83
83
83
82
82
82
81
81
81
81
80
80
80
79
80
79
79
79
79
78
78
78
78
78
77
77
77
77
77
77
77
76
77
76
76
76
75
75
75
74
75
75
75
74
74
74
74
74
73
74
73
73
72
73
72
73
72
73
72
72
72
72
71
71
72
71
71
71
71
71
71
70
71
71
71
71
71
71
71
71
70
69
69
70
70
69
70
69
70
69
69
70
69
69
68
69
69
69
68
69
69
68
68
67
68
68
68
68
67
68
68
68
67
67
68
68
67
68
67
67
67
67
67
67
67
68
67
67
65
66
67
67
67
67
66
67
66
66
66
66
66
66
66
65
66
66
65
66
66
66
66
66
66
65
66
65
65
66
65
65
65
65
65
65
65
65
66
65
65
65
64