0.08090782165527344
0.16208982467651367
0.2433774471282959
0.3251073360443115
0.4065690040588379
0.48824048042297363
0.569812536239624
0.6513519287109375
0.732750654220581
0.8146111965179443
0.8960666656494141
0.9779469966888428
1.0596427917480469
1.14119553565979
1.223740816116333
1.3063554763793945
1.3876378536224365
1.4688224792480469
1.550093173980713
1.632408618927002
1.7136826515197754
1.795011281967163
1.8774290084838867
1.9591765403747559
2.041247606277466
2.123501777648926
2.2061927318573
2.2886643409729004
2.370850086212158
2.4533705711364746
2.5359926223754883
2.618644952774048
2.701798439025879
2.784421920776367
2.8673861026763916
2.949899673461914
3.0324151515960693
3.114830255508423
3.197381019592285
3.2793831825256348
3.361755609512329
3.444026231765747
3.5261197090148926
3.6081933975219727
3.6905932426452637
3.773237943649292
3.8549768924713135
3.9364986419677734
4.0178587436676025
4.099117279052734
4.180375337600708
4.262042999267578
4.343911409378052
4.4257848262786865
4.507549285888672
4.588925838470459
4.670559883117676
4.751929521560669
4.833417177200317
4.9147069454193115
4.996134519577026
5.07737135887146
5.158682107925415
5.240292310714722
5.322002172470093
5.403202056884766
5.484509706497192
5.56579852104187
5.647088289260864
5.728394269943237
5.8099205493927
5.891242742538452
5.972598314285278
6.054306745529175
6.135541915893555
6.216764211654663
6.298178672790527
6.379537105560303
6.460993528366089
6.542187213897705
6.623551368713379
6.7047998905181885
6.786224603652954
6.868061780929565
6.9493937492370605
7.0309669971466064
7.112298488616943
7.193527460098267
7.274835824966431
7.356433868408203
7.437772512435913
7.51939058303833
7.600811719894409
7.682658433914185
7.764229774475098
7.846217155456543
7.927720069885254
8.008886814117432
8.09023380279541
8.171649694442749
8.253636360168457
8.335253715515137
8.416524887084961
8.497928619384766
8.579228639602661
8.660904169082642
8.742242813110352
8.823967456817627
8.905443668365479
8.986666679382324
9.06794548034668
9.14918041229248
9.23055624961853
9.312341690063477
9.39384126663208
9.47589111328125
9.557269811630249
9.63847041130066
9.71966028213501
9.801146507263184
9.882627010345459
9.96390414237976
10.045429468154907
10.126661777496338
10.207974672317505
10.289581775665283
10.371249914169312
10.452558517456055
10.533878326416016
10.615416049957275
10.696672916412354
10.777971744537354
10.859325408935547
10.940619230270386
11.022016286849976
11.103267192840576
11.184815883636475
11.266242265701294
11.347819328308105
11.429063320159912
11.510273933410645
11.591662883758545
11.672879934310913
11.754085063934326
11.835684537887573
11.916918992996216
11.998511552810669
12.079813480377197
12.161149740219116
12.242440700531006
12.32407808303833
12.405576467514038
12.487227439880371
12.568550109863281
12.64987826347351
12.731199502944946
12.813348531723022
12.894680261611938
12.975832223892212
13.057269096374512
13.138489484786987
13.220408916473389
13.30214262008667
13.38345217704773
13.464820623397827
13.546170473098755
13.627988338470459
13.709291219711304
13.790931940078735
13.872276067733765
13.9534273147583
14.034632921218872
14.115885257720947
14.19720983505249
14.278817653656006
14.360319137573242
14.441843032836914
14.523252964019775
14.604654312133789
14.68593716621399
14.767252445220947
14.848698377609253
14.930010080337524
15.011314630508423
15.092521667480469
15.173868656158447
15.255071640014648
15.336695432662964
15.41860842704773
15.500218868255615
15.581624507904053
15.6633460521698
15.745412349700928
15.827196598052979
15.908852100372314
15.990384578704834
16.07235860824585
16.153831481933594
16.235990524291992
16.317713975906372
16.39893674850464
16.48036217689514
16.561800718307495
16.643172025680542
16.724894523620605
16.806548595428467
16.887826681137085
16.969406366348267
17.05102825164795
17.132707834243774
17.214471101760864
17.296133756637573
17.377540826797485
17.458871841430664
17.540283918380737
17.62152862548828
17.703333139419556
17.784634590148926
17.86619520187378
17.94753909111023
18.029037714004517
18.1106059551239
18.19232964515686
18.274219751358032
18.35564875602722
18.437776565551758
18.519275665283203
18.600470542907715
18.681715488433838
18.76297426223755
18.844746589660645
18.926130533218384
19.00786542892456
19.08945608139038
19.17063856124878
19.251960039138794
19.33379864692688
19.415125846862793
19.49630045890808
19.57752799987793
19.65881061553955
19.74005889892578
19.82173180580139
19.903215885162354
19.984703063964844
20.066229104995728
20.14768123626709
20.229372262954712
20.310983896255493
20.392125606536865
20.473487854003906
20.55476665496826
20.636225700378418
20.717815160751343
20.79943037033081
20.880967140197754
20.962269067764282
21.04358220100403
21.124906539916992
21.206119060516357
21.287432432174683
21.3688805103302
21.450685739517212
21.531927824020386
21.613327264785767
21.695056438446045
21.776528358459473
21.85823082923889
21.939536571502686
22.021101236343384
22.102397441864014
22.183769464492798
22.265163898468018
22.34702754020691
22.42831254005432
22.50956106185913
22.591320037841797
22.672922611236572
22.75418519973755
22.83586072921753
22.917471408843994
22.99871039390564
23.07997751235962
23.16148281097412
23.243390560150146
23.32514715194702
23.407533884048462
23.488998651504517
23.570488929748535
23.652608633041382
23.734407901763916
23.816338777542114
23.89783811569214
23.979138135910034
24.06031346321106
24.141666412353516
24.22294282913208
24.30460524559021
24.386339902877808
24.46782636642456
24.549176692962646
24.630981922149658
24.71255898475647
24.794060468673706
24.875404596328735
24.956653833389282
25.03827428817749
25.119439840316772
25.20078134536743
25.282132387161255
25.363646507263184
25.44494104385376
25.52666997909546
25.608723878860474
25.69045853614807
25.771932125091553
25.853621244430542
25.934821605682373
26.01616382598877
26.097474336624146
26.178741693496704
26.260074615478516
26.34202265739441
26.42314076423645
26.504549741744995
26.586326360702515
26.668357610702515
26.75075650215149
26.833373308181763
26.915868043899536
26.998072862625122
27.08039927482605
27.162318229675293
27.244905471801758
27.3270103931427
27.40911865234375
27.491960287094116
27.57406759262085
27.65542769432068
27.73704433441162
27.818254470825195
27.89945101737976
27.980706930160522
28.06194043159485
28.14343285560608
28.22536039352417
28.30672025680542
28.38798952102661
28.46918821334839
28.55037569999695
28.63165020942688
28.71298837661743
28.79421830177307
28.875375270843506
28.957074880599976
29.038625478744507
29.120108604431152
29.201960563659668
29.283429861068726
29.364675283432007
29.44595170021057
29.52810287475586
29.60933017730713
29.690683364868164
29.771885871887207
29.85357928276062
29.935089588165283
30.01646089553833
30.09784507751465
30.1793315410614
30.260741472244263
30.342010974884033
30.42323064804077
30.50442910194397
30.585615396499634
30.666872024536133
30.7484712600708
30.83018684387207
30.920579433441162
31.003353118896484
31.08606767654419
31.16860294342041
31.25143527984619
31.333285093307495
31.414823293685913
31.496351718902588
31.57778573036194
31.6590518951416
31.740312099456787
31.82178783416748
31.903704404830933
31.98521375656128
32.06653547286987
32.14799690246582
32.22918486595154
32.31031322479248
32.39182448387146
32.47298192977905
32.55412745475769
32.63548254966736
32.717464447021484
32.79872965812683
32.88028311729431
32.96159839630127
33.042908906936646
33.124149560928345
33.20570135116577
33.28753399848938
33.36895251274109
33.450337648391724
33.532066106796265
33.61373019218445
33.695189476013184
33.77687120437622
33.85866069793701
33.940420627593994
34.02185845375061
34.10334253311157
34.184722900390625
34.266035079956055
34.347625494003296
34.429105043411255
34.510714530944824
34.591936349868774
34.67327928543091
34.7545440196991
34.8357470035553
34.91775155067444
34.99907612800598
35.080464124679565
35.16185164451599
35.243123292922974
35.3244788646698
35.40619969367981
35.4873788356781
35.56860613822937
35.64991211891174
35.73183822631836
35.8133761882782
35.895031452178955
35.976263999938965
36.057706356048584
36.13902997970581
36.22021555900574
36.301997661590576